# 관심종목 리스트
# 한 줄에 하나씩, 종목명 또는 6자리 코드 입력
# '#'으로 시작하는 줄은 주석 처리되어 무시됩니다
332570
016360
229640
103590
199820
062040
051910
006910
080220
402340
009150
058430
004090
000660
042700
254490
432720
036540
007660
403870
323280
490470
425040
006340
024840
033100
001440
010120
060370
267260
036930
322000
009830
417200
336260
010060
010170
230240
066970
086520
093370
222080
457190
107640
005380
018880
059120
011070
098460
108490
030530
459510
010140
082740
077970
027360
209640
100790
034020
052690
047040
046890
008420
005010
452260
001510
001250
010820